The patient's EMG Average is: 
6.0
6.0
6.0
6.0
6.0
6.0
6.0
6.0
6.0
6.0
6.0
6.0
6.0
6.0
6.0
6.0
6.0
6.0
6.0
6.045454545454546
6.2727272727272725
7.045454545454546
7.7727272727272725
8.318181818181818
8.681818181818182
9.0
9.272727272727273
9.545454545454545
10.318181818181818
11.136363636363637
11.409090909090908
11.363636363636363
10.727272727272727
10.136363636363637
9.727272727272727
9.454545454545455
9.181818181818182
8.954545454545455
8.681818181818182
7.909090909090909
7.090909090909091
17.59090909090909
28.227272727272727
38.86363636363637
49.5
60.13636363636363
70.81818181818181
81.54545454545455
92.27272727272727
106.54545454545455